12 3 11 13 9 10 15 11 9 12 14 11 16 10 15 11 19 12 9 5 10 14 13 11 15 10 11 13 9 10 15 11 9 12 14 11 16 10 0 1 1 1 0 1 1 1 0 
-1 11 17 14 11 -1 -1 -1 -1 -1 -1 -1
-1 -1 -1 -1 -1 13 -1 -1 -1 -1 -1 -1
-1 -1 -1 -1 -1 10 -1 -1 -1 -1 -1 -1
-1 -1 -1 -1 -1 19 13 -1 -1 -1 -1 -1
-1 -1 -1 -1 -1 -1 27 11 -1 -1 -1 -1
-1 -1 -1 -1 -1 -1 -1 21 -1 -1 -1 -1
-1 -1 -1 -1 -1 -1 -1 13 17 -1 -1 -1
-1 -1 -1 -1 -1 -1 -1 -1 -1 19 15 -1
-1 -1 -1 -1 -1 -1 -1 -1 -1 -1 -1 11
-1 -1 -1 -1 -1 -1 -1 -1 -1 -1 -1 16
-1 -1 -1 -1 -1 -1 -1 -1 -1 -1 -1 11
-1 -1 -1 -1 -1 -1 -1 -1 -1 -1 -1 -1

