15 4
17 14 13 22 
14 17 14 16 
19 17 16 12 
13 20 13 14 
19 20 21 15 
13 18 13 18 
15 15 13 14 
19 20 13 18 
13 17 13 19 
19 15 16 13 
13 22 14 12 
15 21 22 14 
18 17 16 14 
20 18 13 16 
11 18 21 17 
0 1 1 1 
1 0 1 1 
1 1 0 1 
1 1 1 0 
-1 -1 -1 13 16 -1 -1 -1 -1 -1 22 -1 -1 -1 -1 
-1 -1 -1 15 -1 11 14 -1 -1 -1 -1 23 -1 -1 -1 
-1 -1 -1 -1 -1 17 18 19 -1 -1 -1 -1 17 -1 -1 
-1 -1 -1 -1 -1 -1 -1 -1 8 -1 -1 -1 -1 -1 -1 
-1 -1 -1 -1 -1 -1 -1 -1 12 -1 -1 -1 -1 -1 -1 
-1 -1 -1 -1 -1 -1 -1 -1 15 -1 -1 -1 -1 -1 -1 
-1 -1 -1 -1 -1 -1 -1 -1 17 -1 -1 -1 -1 -1 -1 
-1 -1 -1 -1 -1 -1 -1 -1 6 -1 -1 -1 -1 -1 -1 
-1 -1 -1 -1 -1 -1 -1 -1 -1 7 -1 -1 -1 -1 -1 
-1 -1 -1 -1 -1 -1 -1 -1 -1 -1 13 16 9 -1 -1 
-1 -1 -1 -1 -1 -1 -1 -1 -1 -1 -1 -1 -1 13 -1 
-1 -1 -1 -1 -1 -1 -1 -1 -1 -1 -1 -1 -1 21 -1 
-1 -1 -1 -1 -1 -1 -1 -1 -1 -1 -1 -1 -1 15 -1 
-1 -1 -1 -1 -1 -1 -1 -1 -1 -1 -1 -1 -1 -1 11 
-1 -1 -1 -1 -1 -1 -1 -1 -1 -1 -1 -1 -1 -1 -1 
