16 4
17 13 12 16 
18 19 9 17 
10 17 10 12 
19 19 18 16 
15 16 16 16 
10 9 12 10 
12 18 19 14 
15 19 9 14 
19 16 13 19 
19 17 13 12 
10 17 17 15 
19 13 17 11 
19 16 11 17 
14 10 14 11 
17 16 13 14 
10 9 16 16 
0 1 1 1 
1 0 1 1 
1 1 0 1 
1 1 1 0 
-1 -1 8 5 6 -1 -1 -1 -1 -1 -1 -1 -1 -1 -1 -1 
-1 -1 -1 -1 -1 1 1 4 -1 -1 -1 -1 -1 -1 -1 -1 
-1 -1 -1 -1 -1 -1 -1 -1 7 8 -1 -1 -1 -1 -1 -1 
-1 -1 -1 -1 -1 -1 -1 -1 7 -1 3 -1 -1 -1 -1 -1 
-1 -1 -1 -1 -1 -1 -1 -1 2 -1 -1 5 -1 -1 -1 -1 
-1 -1 -1 -1 -1 -1 -1 -1 5 -1 -1 -1 8 -1 -1 -1 
-1 -1 -1 -1 -1 -1 -1 -1 7 -1 -1 -1 -1 3 -1 -1 
-1 -1 -1 -1 -1 -1 -1 -1 6 -1 -1 -1 -1 -1 7 -1 
-1 -1 -1 -1 -1 -1 -1 -1 -1 -1 -1 -1 -1 -1 -1 -1 
-1 -1 -1 -1 -1 -1 -1 -1 -1 -1 -1 -1 -1 -1 -1 1 
-1 -1 -1 -1 -1 -1 -1 -1 -1 -1 -1 -1 -1 -1 -1 2 
-1 -1 -1 -1 -1 -1 -1 -1 -1 -1 -1 -1 -1 -1 -1 1 
-1 -1 -1 -1 -1 -1 -1 -1 -1 -1 -1 -1 -1 -1 -1 1 
-1 -1 -1 -1 -1 -1 -1 -1 -1 -1 -1 -1 -1 -1 -1 4 
-1 -1 -1 -1 -1 -1 -1 -1 -1 -1 -1 -1 -1 -1 -1 3 
-1 -1 -1 -1 -1 -1 -1 -1 -1 -1 -1 -1 -1 -1 -1 -1 
